Eigen Vector Matrix

             0         1         2         3         4         5   ...        10        11        12        13        14        15
0     -0.002481  0.005402 -0.001298 -0.002127  0.002310  0.003945  ... -0.000553 -0.003278 -0.000778 -0.004080 -0.003522 -0.000844
1     -0.002442  0.005301 -0.001219 -0.002230  0.001982  0.003846  ... -0.000975 -0.003008 -0.000914 -0.004154 -0.002913 -0.000305
2     -0.002522  0.005280 -0.001212 -0.002307  0.002058  0.003511  ... -0.001141 -0.003305 -0.001304 -0.003801 -0.002732 -0.000377
3     -0.002576  0.005407 -0.001131 -0.002282  0.002238  0.003395  ... -0.001326 -0.003210 -0.001242 -0.003788 -0.002865 -0.000729
4     -0.002590  0.005532 -0.001148 -0.002354  0.002304  0.003328  ... -0.001446 -0.003219 -0.001155 -0.004117 -0.002748 -0.000444
...         ...       ...       ...       ...       ...       ...  ...       ...       ...       ...       ...       ...       ...
65531 -0.005408 -0.002996 -0.004203  0.000506 -0.000900  0.000031  ...  0.000075 -0.000004  0.000589  0.001758 -0.002102 -0.003648
65532 -0.005371 -0.002943 -0.004170  0.000451 -0.000970 -0.000066  ...  0.000462  0.000206  0.000660  0.002158 -0.002025 -0.003574
65533 -0.005376 -0.002931 -0.004135  0.000469 -0.000972 -0.000057  ...  0.000530 -0.000379  0.000510  0.002665 -0.002245 -0.004108
65534 -0.005374 -0.002972 -0.004088  0.000554 -0.000819 -0.000085  ...  0.000242 -0.000269  0.000657  0.003030 -0.002706 -0.004365
65535 -0.005377 -0.002901 -0.004105  0.000801 -0.000766 -0.000206  ...  0.000187 -0.000545  0.001317  0.003061 -0.002550 -0.004333

[65536 rows x 16 columns]
